65344|Cotonou|Benin|6.350|2.383|7.0|194,382,805,1261,2130,3332,1352,390,1349,1651,439,121,13406|280,292,296,292,284,271,265,262,267,273,284,284,279|316,322,323,320,313,296,285,282,290,301,316,319,307|244,260,268,263,254,245,244,241,243,245,253,249,251|289,316,323,322,314,302,288,281,292,301,311,303,304|41637
65330|Parakou|Benin|9.350|2.617|392.0|49,80,336,832,1338,1575,1888,2120,2215,1119,69,19,11640|275,296,307,297,282,267,257,252,257,268,280,274,276|350,369,374,356,333,312,297,288,300,318,346,348,333|199,223,240,238,230,221,218,215,214,217,214,200,219|110,144,206,251,265,263,260,258,262,259,200,130,217|36865
61099|Gaya|Niger|11.883|3.450|202.0|1,7,24,160,885,1084,1792,2702,1445,342,0,0,8441|263,295,330,342,323,299,279,268,277,295,291,269,294|381,410,430,437,423,393,366,345,360,388,394,381,392|156,181,216,229,209,202,202,199,202,207,183,163,196|72,85,115,198,266,280,289,293,295,273,151,92,201|30963
61052|Niamey_Aero|Niger|13.483|2.167|222.0|0,3,2,98,253,786,1456,1926,851,167,0,0,5542|246,278,319,347,345,322,295,281,296,315,290,255,299|368,401,427,443,441,421,389,368,391,404,394,373,402|135,159,195,230,231,207,203,204,207,211,173,139,191|59,61,72,134,211,242,262,275,270,209,99,71,163|24807
61043|Tahoua_Aero|Niger|14.900|5.250|390.0|0,2,16,11,183,520,944,1289,640,120,0,0,3726|233,266,308,341,343,325,299,285,299,310,281,243,294|359,388,415,438,440,428,399,377,400,407,385,358,400|119,137,184,218,231,212,201,200,203,205,164,128,184|45,45,52,91,168,217,243,257,244,149,71,53,136|20629
61024|Agadez_Aero|Niger|16.967|7.983|501.0|0,0,2,2,65,94,518,754,202,10,0,0,1646|207,239,284,328,350,350,326,310,326,312,261,218,293|343,372,404,437,449,447,432,419,422,411,371,346,404|84,106,148,194,226,237,212,201,219,194,139,93,171|46,46,51,63,101,146,202,230,168,93,64,52,106|15946
61017|Bilma|Niger|18.683|12.917|355.0|0,0,0,10,6,5,13,87,11,2,0,0,134|171,203,251,300,330,345,344,336,324,284,222,179,275|326,363,404,441,456,461,453,445,437,418,369,331,409|9,34,76,130,167,191,202,213,176,120,61,18,117|60,59,66,86,103,124,157,185,135,101,80,68,103|11986
64456|MAKOUA|Dem._Rep._Congo|0.016|15.583|380.0|962,1249,1460,1809,1485,1060,543,560,1457,2298,2119,1418,16420|252,258,258,259,255,248,242,246,247,246,248,250,251|310,317,321,320,314,298,291,298,305,304,307,304,307|||40096
43003|MUMBAI_SANTACRUZ|India|19.117|72.850|14.2|2,2,1,1,73,5263,9199,5608,3835,913,110,16,25023||312,317,331,334,337,325,304,302,309,336,341,326,323|169,181,211,242,270,266,255,252,249,239,214,184,228|172,183,221,272,305,320,318,310,305,276,222,189,258|60554
42515|CHERRAPUNJEE|India|25.250|91.733|1313.0|155,537,3641,7924,12971,26081,26654,17687,10897,4614,493,102,111758||172,188,214,227,231,231,229,236,239,240,218,188,218|66,87,121,144,161,177,181,182,176,153,114,82,137|99,109,137,178,204,229,233,233,222,190,138,111,173|230382
