8001|43.366|1208,885,876,869,663,457,312,407,570,1207,1499,1223,10176|20352
8002|43.307|1216,971,949,926,706,459,306,403,629,1262,1526,1287,10640|21280
8280|38.954|218,249,356,380,406,309,80,138,384,390,346,298,3554|7108
8359|38.373|239,173,287,286,189,84,32,134,490,331,328,251,2824|5648
8360|38.283|249,168,244,288,196,83,25,101,461,331,300,276,2722|5444
8487|36.846|208,233,207,152,109,55,6,23,161,252,251,318,1975|3950
8011|43.567|1141,879,876,896,735,584,438,624,756,1186,1493,1247,10855|21710
8210|40.659|318,256,291,400,510,251,122,167,288,559,469,348,3979|7958
8330|38.883|461,387,409,426,378,125,33,46,228,631,598,563,4285|8570
8181|41.293|426,328,417,473,419,270,272,512,861,835,475,377,5665|11330
8025|43.298|1314,1087,975,966,759,582,518,527,750,1116,1705,1248,11547|23094
8075|42.357|472,350,441,599,573,430,241,188,334,628,633,574,5463|10926
8261|39.471|524,485,524,510,460,126,46,64,318,813,780,653,5303|10606
8452|36.500|635,516,564,429,307,66,2,18,279,736,876,795,5223|10446
8286|39.957|384,264,449,338,362,190,100,202,611,536,527,403,4366|8732
8348|38.989|342,318,393,489,385,200,30,67,319,536,464,518,4061|8122
8219|40.696|518,411,494,555,555,243,108,138,296,846,667,610,5441|10882
8410|37.849|576,527,613,543,424,110,5,67,366,787,792,907,5717|11434
8231|40.067|375,359,473,599,487,339,94,192,412,580,504,496,4910|9820
8157|41.114|218,220,290,475,514,461,220,228,341,381,370,239,3957|7914
8080|42.882|843,744,701,653,645,454,340,281,415,646,983,788,7493|14986
60035|28.445|126,100,97,46,8,0,0,3,19,114,133,193,839|1678
8184|41.912|576,420,525,680,640,569,393,466,739,860,635,507,7010|14020
8419|37.190|414,363,410,368,299,76,3,26,264,424,531,501,3679|7358
8420|37.137|390,317,413,371,312,82,10,32,272,420,491,442,3552|7104
60030|27.918|258,198,119,50,8,4,0,6,50,190,174,259,1316|2632
60001|27.819|259,249,202,103,26,15,2,12,35,176,276,350,1705|3410
8029|43.357|1643,1392,1286,1408,1226,1020,896,1042,1371,1583,2205,1764,16836|33672
8383|37.278|601,496,546,519,322,61,16,31,215,682,731,842,5062|10124
8094|42.084|315,252,428,575,485,366,229,267,473,577,477,359,4803|9606
8373|38.876|395,305,217,271,220,81,34,180,633,566,605,519,4026|8052
60010|28.309|556,497,329,188,38,5,0,95,56,331,506,603,3204|6408
8417|37.778|529,501,581,573,393,147,13,92,276,519,622,643,4889|9778
8451|36.751|665,503,539,479,337,82,5,24,316,835,825,857,5467|10934
60040|28.952|154,161,109,41,12,1,0,5,18,128,155,214,998|1996
60005|28.633|392,501,272,180,44,24,10,19,117,433,497,715,3204|6408
8055|42.588|511,316,388,473,550,292,183,201,315,620,534,574,4957|9914
8171|41.626|256,149,293,412,407,285,163,159,367,438,377,223,3529|7058
8084|42.452|357,270,358,430,450,457,305,203,306,370,466,359,4331|8662
8008|43.111|1209,936,961,997,783,485,299,352,629,1329,1452,1309,10741|21482
8221|40.467|281,295,325,391,408,203,91,100,254,573,473,343,3737|7474
8223|40.376|333,354,347,442,440,194,84,108,257,622,515,425,4121|8242
8224|40.299|280,314,319,382,364,182,63,78,232,537,451,370,3572|7144
8222|40.412|320,335,353,461,483,196,92,104,236,642,522,424,4168|8336
8227|40.489|286,285,323,414,458,218,118,89,243,562,474,345,3815|7630
8482|36.666|623,589,661,414,231,44,1,27,252,608,793,879,5122|10244
60338|35.276|554,481,430,351,161,70,5,44,185,408,530,494,3713|7426
8314|39.855|587,503,382,426,285,146,47,181,673,734,1010,596,5570|11140
8232|40.842|280,320,368,498,597,435,180,238,426,461,391,341,4535|9070
8397|37.164|597,479,535,596,375,73,7,11,297,697,714,758,5139|10278
8430|38.002|267,189,303,295,205,165,12,119,376,273,290,325,2819|5638
8429|37.958|297,210,318,267,211,162,19,109,418,267,311,318,2907|5814
8433|37.789|381,229,284,239,188,46,10,78,401,319,411,420,3006|6012
8215|40.793|1430,1186,1182,1275,1198,512,181,307,611,1696,1739,1499,12816|25632
8048|42.325|961,635,724,748,612,336,162,212,551,1151,1074,1027,8193|16386
8015|43.353|1015,891,878,965,802,618,438,574,664,1045,1340,1053,10283|20566
8306|39.561|400,324,231,323,285,133,37,162,569,670,617,469,4220|8440
8301|39.555|444,367,291,375,316,139,51,217,582,726,678,493,4679|9358
8085|42.777|721,558,631,720,592,540,314,317,461,642,841,686,7023|14046
8053|42.564|745,514,522,493,502,326,215,213,425,778,821,839,6393|12786
8044|42.438|1858,1256,1390,1411,1142,588,408,555,883,2053,2211,2103,15858|31716
8175|41.145|288,235,347,413,452,222,153,365,730,728,484,337,4754|9508
8449|36.639|669,514,575,456,313,47,5,20,260,806,875,811,5351|10702
8202|40.959|315,246,275,377,385,216,81,119,286,498,390,361,3549|7098
8027|43.306|1506,1244,1194,1261,1220,959,915,1090,1173,1551,2023,1527,15663|31326
8021|43.424|1144,976,959,987,760,626,537,576,908,1211,1723,1283,11690|23380
8042|42.888|2163,1462,1542,1375,1151,618,413,608,913,2066,2221,2224,16756|33512
8213|40.945|436,330,360,477,580,358,196,191,262,559,524,412,4685|9370
8391|37.417|563,462,469,540,339,58,6,25,331,754,722,772,5041|10082
8148|41.775|427,347,419,589,635,472,332,260,344,577,495,452,5349|10698
60020|28.463|288,329,279,103,35,6,1,35,45,244,358,368,2091|4182
60015|28.478|715,672,669,375,163,102,68,60,118,556,912,746,5156|10312
60025|28.047|165,186,126,83,6,3,0,15,30,133,109,333,1189|2378
8235|40.351|160,140,267,397,495,431,238,328,331,388,267,158,3600|7200
8272|39.885|253,246,330,396,389,187,57,86,208,461,377,359,3349|6698
8238|40.820|379,243,420,506,548,248,177,279,622,686,652,375,5135|10270
8285|39.481|386,298,395,327,362,263,67,147,722,634,516,462,4579|9158
8284|39.485|346,268,369,362,365,208,67,116,613,566,451,471,4202|8404
8141|41.641|448,240,316,485,464,270,129,122,294,613,503,450,4334|8668
8140|41.712|401,234,308,441,475,302,144,169,293,578,479,441,4265|8530
8045|42.239|2219,1431,1527,1496,1132,562,397,480,953,2082,2369,2312,16960|33920
8130|41.516|367,250,319,407,378,226,123,139,250,568,457,441,3925|7850
8160|41.661|236,198,280,400,402,285,165,163,255,340,340,191,3255|6510
48698|1.368|2216,1050,1511,1638,1638,1371,1448,1489,1246,1664,2541,3321,21133|42266
82191|-1.436|3938,4378,5063,4655,3236,2058,1560,1287,1201,1358,1514,2835,33083|66166
82331|-3.103|3056,2968,3209,3310,2333,1172,671,561,790,1139,1880,2535,23624|47248
21205791|4.706|329,514,834,1167,1090,574,486,443,567,1082,1072,614,8773|17545
65203|6.580|105,409,684,1455,2358,4337,2089,914,2179,1891,515,97,17034|34067
61052|13.483|0,3,2,98,253,786,1456,1926,851,167,0,0,5542|11084
94120|-12.424|4707,4124,3137,1051,207,22,9,8,143,689,1435,2793,18324|36649
83377|-15.790|2060,1795,2260,1452,269,33,15,163,381,1418,2531,2411,14788|29576
48455|13.726|236,214,510,933,2168,1985,1897,2271,3359,2887,446,116,17022|34044
62721|15.600|0,0,0,4,47,34,249,531,245,91,3,0,1204|2408
78397|17.933|146,88,248,279,986,653,560,1020,1847,1618,883,408,8852|17588
62366|30.133|48,38,63,13,2,0,0,0,0,7,43,34,248|496
40438|24.711|154,61,211,243,54,0,0,5,0,10,114,147,999|1998
94326|-23.795|489,407,193,193,180,103,121,38,76,187,338,401,2725|5451
60630|27.254|29,10,14,13,8,12,1,6,14,14,14,5,140|280
72278|33.428|221,221,210,57,32,6,230,236,146,143,146,187,1835|3670
41194|25.250|208,99,217,33,1,0,11,0,0,15,59,148,792|1583
85442|-23.454|0,0,8,1,2,15,4,8,2,2,1,1,45|89
85418|-20.549|0,0,0,1,3,0,1,2,0,0,0,1,9|17
16239|41.800|684,654,620,744,616,-999,-999,-999,676,918,1128,1025,-999|3069
94608|-31.919|191,134,197,352,877,1273,1423,1244,827,371,242,104,7234|14469
85577|-33.445|6,13,41,175,426,804,504,441,253,121,49,30,2862|5725
72295|33.938|726,760,440,153,72,19,11,1,27,123,209,568,3109|6218
72494|37.620|989,1005,694,346,121,36,0,10,19,202,518,1051,4991|9982
7110|48.450|1426,1187,822,918,746,646,707,753,786,1294,1467,1546,12298|24596
3969|53.428|618,524,514,550,570,640,610,734,633,784,827,721,7725|15450
3953|51.938|1870,1371,1161,1084,944,1008,1172,1142,1298,1730,1892,1794,16465|32931
1317|60.383|2563,2093,2017,1406,1085,1323,1575,2079,2485,2681,2751,2898,24956|49912
94970|-42.890|437,378,370,426,392,460,445,630,556,528,494,537,5653|11306
93439|-41.331|600,604,660,798,884,1026,1097,941,799,909,747,671,9736|19472
72793|47.444|1467,956,1058,809,477,368,151,247,410,994,1604,1452,9993|19986
4030|64.128|871,906,807,590,526,433,499,645,870,798,865,949,8759|17518
87938|-54.840|452,346,383,470,353,425,358,384,305,284,389,430,4578|9157
71783|48.457|-999,571,-999,-999,-999,-999,-999,156,278,740,-999,-999,-999|-7246
27612|55.833|530,439,389,366,612,771,838,782,661,700,520,509,7117|14234
12375|52.095|310,298,290,351,555,639,822,606,504,402,360,361,5498|10996
33345|50.392|370,390,400,420,650,740,680,560,580,460,460,470,6180|12360
54511|39.930|22,58,86,217,361,724,1697,1134,537,287,135,22,5280|10560
72530|41.995|505,500,623,953,1141,1042,944,1078,810,872,614,535,9617|19234
44292|47.918|21,28,46,84,217,472,745,654,279,86,63,35,2729|5459
72506|40.779|925,810,1091,1040,1007,1153,1169,1157,1096,1113,909,1112,12582|25164
10381|52.454|470,357,408,289,538,588,770,622,458,446,422,456,5823|11647
26850|53.929|468,400,413,431,658,792,975,710,516,553,491,468,6875|13750
27595|55.733|457,366,378,333,376,567,626,541,498,539,452,503,5636|11272
28698|55.017|213,178,191,260,309,551,648,560,294,327,345,289,4165|8330
29430|56.500|357,256,290,336,487,594,710,678,516,523,547,500,5794|11588
30710|52.267|143,93,118,214,361,694,1064,961,526,210,200,188,4772|9544
31735|48.517|131,119,225,378,689,831,1372,1441,850,471,260,187,6954|13908
71155|53.307|215,124,173,295,470,747,872,526,347,223,199,146,4337|8674
71742|48.946|1028,914,1052,920,938,888,1050,1002,1152,1199,1101,1213,12457|24914
71508|43.665|646,538,528,-999,764,816,765,-999,694,690,708,-999,-999|2153
40754|35.693|317,329,425,348,140,23,23,14,9,136,309,318,2391|4782
38457|41.333|549,721,664,633,411,168,34,21,46,237,512,584,4580|9160
47662|35.692|597,565,1160,1337,1397,1678,1562,1547,2249,2348,963,579,15982|31964
31960|43.117|124,160,268,432,973,1042,1547,1759,1033,674,358,191,8561|17122
24959|62.017|97,85,63,79,201,295,401,371,296,186,169,85,2328|4656
24266|67.550|59,53,46,40,157,301,347,294,221,128,111,61,1818|3636
24688|63.250|63,67,53,54,150,385,465,392,245,134,126,71,2205|4410
70261|64.804|154,132,101,87,138,375,575,534,343,193,188,144,2964|5928
31088|59.367|146,72,157,238,398,551,845,964,925,657,315,139,5407|10814
25913|59.567|178,138,207,239,401,521,662,1019,845,747,612,267,5836|11672
32583|52.900|1099,766,1039,891,586,555,644,920,1013,1567,1607,1181,11871|23739
70273|61.169|192,219,175,110,166,258,463,745,787,463,302,294,4174|8348
70026|71.283|37,54,45,45,72,109,248,276,197,138,93,57,1371|2742
4202|76.531|53,45,57,73,98,137,227,265,136,150,122,131,1494|2988
71018|74.706|49,44,74,82,85,157,293,327,190,150,121,67,1639|3278
71355|82.494|-999,74,102,108,-999,110,221,187,186,-999,110,84,-999|-2814
4250|64.183|728,554,592,530,605,617,755,927,1060,797,826,749,8740|17480
71321|63.748|-999,-999,-999,227,-999,-999,-999,-999,-999,-999,-999,-999,-999|-11761
1026|69.654|1083,967,967,711,565,580,725,880,1113,1274,944,1097,10906|21812
87585|-34.590|1344,1293,1200,1303,935,615,744,703,806,1229,1176,1228,12577|25153
68816|-33.963|94,96,125,401,611,923,848,724,443,284,253,128,4928|9858
94768|-33.861|911,1315,1175,1141,1008,1432,803,751,634,675,906,730,11483|22964
85934|-53.002|381,315,429,451,369,313,309,295,245,246,231,318,3894|7796
91182|21.324|467,494,598,195,208,126,132,214,223,383,571,553,4164|8328
36870|43.239|347,426,724,1124,987,590,429,335,278,498,553,443,6734|13468
64456|0.016|962,1249,1460,1809,1485,1060,543,560,1457,2298,2119,1418,16420|32840
65578|5.250|246,413,883,1611,2683,4411,1345,261,575,2041,1698,746,16913|33826
65536|9.420|53,154,423,796,1122,1344,1661,2276,2169,1251,160,33,11442|22884
65503|12.350|1,4,47,238,608,834,2024,2321,1425,320,6,0,7828|15656
61265|14.500|12,0,9,56,168,559,1409,1882,898,187,10,0,5190|10380
61024|16.967|0,0,2,2,65,94,518,754,202,10,0,0,1646|3293
43003|19.117|2,2,1,1,73,5263,9199,5608,3835,913,110,16,25023|50046
42515|25.250|155,537,3641,7924,12971,26081,26654,17687,10897,4614,493,102,111758|223514
